58
53
75
33
80
15
48
83
94
31
26
100
77
79
65
18
74
24
37
98
85
0
52
100
4
86
75
4
56
4
68
26
55
93
32
77
22
54
11
28
61
69
20
28
52
6
6
40
45
48
29
41
33
87
18
2
22
43
52
4
83
61
32
46
87
81
29
44
76
77
69
71
12
27
47
90
98
100
25
4
68
94
23
42
79
36
30
10
43
96
45
19
87
94
73
43
41
0
77
11
33
14
50
55
62
47
34
33
96
46
85
59
53
72
16
65
23
80
68
93
69
50
10
73
57
70
55
36
23
91
92
10
2
101
46
93
0
83
71
76
56
97
22
97
26
79
63
87
28
0
35
17
29
20
95
72
33
51
77
55
20
44
4
1
24
84
62
41
44
90
3
69
65
12
30
13
54
50
47
80
33
11
55
82
95
21
66
34
13
73
34
66
3
89
70
54
29
99
55
56
6
98
98
83
99
31
6
101
78
101
30
82
81
28
36
28
60
42
90
68
85
14
92
51
24
79
36
67
8
73
18
28
9
60
0
90
73
72
65
37
62
10
101
66
64
17
19
48
81
32
54
39
96
37
35
95
41
15
56
83
57
101
62
38
35
67
37
52
37
13
3
65
59
30
84
79
52
28
61
46
64
69
85
100
1
89
56
84
39
72
99
53
20
21
31
81
94
38
29
62
90
77
32
13
42
83
96
76
1
44
32
8
85
91
32
21
82
6
58
32
54
35
12
30
96
46
74
60
6
3
70
0
0
82
20
29
36
57
80
76
94
33
98
52
100
64
51
31
56
88
99
55
85
91
94
80
9
53
95
28
82
83
14
41
4
80
81
4
4
75
23
101
7
33
24
66
4
100
66
22
32
86
39
88
24
25
29
56
90
42
91
92
62
7
29
11
43
18
77
19
0
4
90
43
59
32
66
87
58
15
34
99
64
59
65
66
5
25
21
75
11
70
82
85
77
67
42
5
99
8
45
79
44
83
54
22
2
81
34
76
82
18
0
71
57
39
21
93
14
64
96
91
93
51
4
28
13
81
64
76
42
43
39
90
72
49
49
62
55
53
3
76
82
69
26
43
36
0
45
89
94
43
56
100
17
33
54
21
53
82
36
78
84
29
41
34
85
77
57
1